1000
1.55	3.84
0.74	1.87
1.09	4.85
2.62	4.62
4.47	1.81
4.41	2.70
3.88	4.35
3.73	2.52
3.48	2.68
0.52	2.56
4.62	0.66
3.69	0.46
3.15	1.52
0.43	4.76
1.06	2.36
2.48	3.23
2.94	1.52
0.06	0.57
3.91	1.57
2.71	0.74
1.87	4.28
0.18	0.06
0.89	2.73
2.82	0.34
1.62	4.61
3.04	2.25
1.34	4.96
2.84	2.60
2.91	0.74
3.08	0.65
2.07	4.24
0.97	2.10
1.18	1.64
0.60	1.31
1.07	2.97
0.62	1.13
4.05	4.65
3.52	1.87
2.11	0.53
3.60	0.23
4.15	2.91
3.78	1.24
4.44	0.13
1.58	1.08
2.13	3.00
0.96	1.04
3.16	2.88
4.12	3.18
0.96	0.01
2.07	0.79
1.86	1.98
2.72	2.31
3.99	2.86
2.68	0.55
0.67	0.39
1.94	4.60
0.23	4.48
0.85	0.41
3.83	2.39
4.30	1.86
1.91	2.44
1.47	3.15
2.36	0.01
2.54	4.46
0.16	1.88
0.04	1.93
3.53	1.97
3.65	4.80
1.46	3.94
0.90	1.72
0.08	3.94
0.53	0.34
3.29	4.02
1.54	4.03
3.52	0.03
3.27	1.57
3.90	0.60
0.53	1.03
1.91	1.88
3.45	1.44
2.31	1.47
2.95	1.06
3.95	2.78
0.90	4.23
0.89	0.47
3.72	4.22
2.22	0.67
3.75	2.72
4.20	4.24
5.00	2.60
4.98	0.01
3.93	4.17
3.83	4.49
0.45	1.15
1.91	3.75
1.26	1.70
0.46	2.85
0.34	1.37
0.59	2.98
0.75	3.68
0.47	1.24
2.56	1.39
1.62	3.02
3.97	0.54
0.70	2.38
1.03	1.91
1.71	0.88
1.44	4.00
1.20	0.92
4.16	4.28
0.20	0.54
4.38	0.64
2.22	2.09
2.33	2.59
0.71	3.39
0.41	2.28
2.53	1.16
4.47	3.50
0.99	2.65
3.97	2.57
3.05	2.93
0.26	3.37
0.10	1.91
3.42	4.95
0.30	1.98
0.65	3.68
3.51	3.85
3.37	3.56
0.99	0.60
0.41	1.94
2.79	1.84
1.45	0.04
0.10	2.49
3.25	1.59
2.92	3.12
0.65	0.21
0.98	1.61
0.53	0.56
1.42	3.52
4.03	0.93
2.38	1.90
1.60	4.40
4.84	0.11
0.25	3.90
3.57	4.74
4.40	1.32
4.27	4.23
4.42	3.99
4.80	2.20
1.74	2.43
2.98	3.64
0.05	1.35
1.80	0.63
4.47	2.06
0.25	3.88
4.20	2.65
4.21	0.10
4.38	3.98
2.11	0.09
4.10	2.84
3.95	1.70
0.72	0.75
0.48	1.74
4.76	0.48
0.95	0.71
0.38	4.75
3.90	4.18
3.49	0.62
4.89	0.18
3.38	0.51
3.96	1.84
3.18	0.54
2.75	0.45
1.20	4.26
3.02	4.56
2.87	0.02
3.30	1.58
1.85	3.07
4.82	4.41
4.98	3.82
0.92	1.75
1.99	1.82
1.14	1.82
0.09	0.70
2.33	1.14
2.40	2.93
3.61	1.05
1.31	3.99
1.16	1.87
4.55	4.59
1.22	1.30
1.51	0.61
1.31	0.81
2.15	4.88
0.25	0.88
3.01	1.12
1.70	3.60
2.90	0.14
4.64	3.32
0.46	0.07
0.82	4.12
1.82	2.29
0.98	0.39
4.06	1.83
1.02	0.09
3.87	1.13
3.67	3.26
1.30	3.60
3.74	1.71
4.77	3.72
1.96	4.40
1.92	3.35
2.84	1.48
0.18	4.46
1.80	3.95
1.69	1.86
4.84	4.65
4.74	0.33
1.90	0.58
2.30	4.04
0.82	0.74
3.53	2.53
4.31	3.04
0.44	1.31
1.18	3.39
4.96	1.54
1.33	0.13
0.78	2.75
0.47	1.25
0.25	4.05
1.79	2.58
3.55	4.04
1.10	4.67
0.93	1.61
0.86	2.07
3.84	4.73
0.69	3.63
1.95	1.82
3.90	3.60
0.87	0.22
4.11	3.86
4.54	4.36
1.13	3.64
1.81	1.37
2.69	4.30
3.68	0.20
1.02	2.98
0.94	0.83
4.20	0.33
1.94	3.85
1.77	4.25
1.18	1.39
3.38	3.29
2.10	4.49
1.21	0.21
1.39	2.96
4.20	3.35
2.65	3.23
1.98	0.68
3.81	0.97
1.19	3.77
1.23	4.96
4.96	1.48
2.63	0.35
3.51	0.91
2.50	4.48
0.13	0.76
0.57	0.31
1.47	0.81
3.13	2.89
0.37	3.68
1.99	1.61
1.84	4.01
2.76	1.42
0.03	3.23
1.81	4.09
4.11	1.93
1.18	1.17
1.07	0.72
1.22	3.55
1.40	4.08
3.12	3.48
1.24	1.19
2.27	3.35
0.90	1.84
3.33	1.90
4.53	4.77
4.44	2.26
4.97	0.69
0.89	2.86
0.92	1.72
2.92	1.38
0.10	3.92
2.90	3.68
3.15	4.78
4.37	4.33
2.60	2.42
3.98	2.42
4.87	3.98
2.09	0.90
0.67	0.96
4.34	0.75
0.73	4.95
4.13	0.76
4.07	3.10
0.15	1.85
0.00	3.59
3.59	0.26
3.73	2.62
1.62	1.89
1.78	0.50
2.22	1.02
4.93	1.11
0.03	4.78
1.05	0.51
4.16	1.07
3.80	2.15
1.52	1.19
1.06	3.33
3.15	4.79
3.48	4.15
1.43	3.97
3.74	3.05
2.89	4.69
2.07	4.84
4.52	3.49
1.13	0.06
1.16	3.96
1.16	1.97
2.37	2.54
2.13	0.55
4.94	0.23
4.61	0.67
0.69	1.84
0.02	4.87
4.66	2.12
3.95	4.60
0.45	3.29
2.46	2.10
2.25	1.35
2.55	3.77
3.05	4.46
1.95	4.81
3.76	4.47
2.21	3.64
0.89	3.98
1.13	3.91
3.56	4.67
2.16	1.05
1.04	3.85
3.18	4.85
3.46	0.16
1.44	3.89
0.97	0.82
4.26	2.79
1.35	1.92
2.05	2.63
1.45	0.34
0.85	0.38
0.00	0.00
1.57	3.13
3.11	2.76
1.31	3.27
3.26	3.63
0.03	1.43
4.34	2.77
2.06	4.56
2.83	1.74
2.14	2.27
4.32	4.18
0.26	0.76
0.24	1.71
2.30	4.60
1.58	3.70
0.80	2.98
4.74	0.53
0.97	3.53
4.34	3.22
1.97	3.40
4.25	3.47
2.24	4.10
0.33	1.67
0.26	3.28
2.62	2.14
3.78	4.14
0.11	3.58
1.00	4.99
2.76	4.52
1.45	4.04
4.01	2.96
2.88	2.00
1.41	1.23
2.27	2.98
4.01	1.96
0.57	1.53
2.69	3.18
0.52	2.29
3.43	0.51
0.86	1.46
3.61	2.40
3.17	2.71
3.27	3.96
4.16	3.85
1.21	3.71
1.94	3.82
0.27	2.31
4.33	3.83
2.02	1.37
0.68	4.95
3.32	0.65
1.03	3.95
0.98	1.08
2.79	3.25
0.70	1.83
0.05	0.21
3.07	3.83
4.98	0.84
2.25	3.49
3.52	2.33
2.24	4.56
4.59	4.12
1.46	3.05
2.77	1.97
3.34	4.50
4.11	4.70
4.12	0.10
3.28	3.99
4.30	2.82
2.88	2.52
0.98	2.53
2.04	1.99
1.64	3.82
1.83	3.12
3.55	3.22
4.16	0.59
3.98	2.88
3.98	2.26
3.03	1.02
1.75	3.31
4.36	4.86
3.93	2.04
4.00	0.58
4.14	1.10
3.36	0.58
1.51	4.50
0.35	2.10
0.14	2.56
1.37	2.85
0.53	4.31
2.45	3.02
3.89	3.72
4.50	4.85
0.04	3.91
0.85	0.41
2.48	0.80
0.06	4.99
1.79	0.29
2.70	3.40
4.36	1.26
3.47	3.56
3.54	4.25
3.79	1.92
4.22	4.21
0.10	2.79
4.63	3.88
0.04	3.82
0.98	2.77
1.40	3.12
0.93	0.53
3.52	3.74
1.87	2.18
1.30	4.72
2.86	1.56
4.68	3.68
1.94	3.65
4.78	4.69
1.44	0.54
3.17	0.97
4.30	0.20
2.06	1.44
3.28	1.92
1.40	0.99
3.06	2.01
2.77	4.14
2.10	3.03
0.93	3.13
1.78	0.15
1.09	1.27
0.24	3.19
3.05	4.49
1.73	3.52
3.82	3.61
0.01	0.16
1.35	2.62
0.45	0.46
4.66	3.31
1.17	1.23
0.19	4.09
2.40	2.45
4.29	1.80
1.70	1.70
4.08	2.76
4.53	3.64
2.05	0.70
0.57	0.53
4.66	2.11
1.23	1.33
1.30	0.90
2.37	3.45
2.71	2.83
3.94	3.60
1.64	1.65
4.91	0.70
4.30	2.77
2.27	1.62
2.67	2.24
2.15	2.39
1.10	2.70
4.67	0.44
0.11	0.53
1.04	0.92
1.48	2.60
2.70	3.17
1.10	3.54
2.21	1.12
4.75	4.50
4.59	0.04
2.35	1.75
0.54	4.93
2.91	3.98
4.72	4.59
0.31	4.96
3.01	3.94
4.62	3.84
1.99	1.00
4.46	3.70
2.49	3.93
3.21	4.65
1.44	2.40
0.58	1.65
2.25	2.29
1.08	3.10
4.47	1.52
2.40	0.48
2.30	0.06
4.73	0.41
4.46	1.21
1.16	0.18
0.08	1.83
0.28	4.21
0.76	3.54
3.82	3.70
3.86	2.81
1.17	3.64
0.40	2.54
2.09	1.44
3.96	3.81
0.58	3.57
2.73	1.82
0.47	2.05
2.73	0.92
2.47	0.18
4.12	4.69
2.91	2.42
0.76	3.15
1.54	1.43
0.31	0.36
3.85	0.97
2.83	2.30
3.42	1.93
0.98	1.39
0.76	4.46
3.57	0.80
2.84	3.41
1.76	3.67
1.40	0.06
3.93	4.39
3.62	2.80
0.67	1.32
0.39	0.38
0.68	2.76
0.79	1.49
1.71	0.42
0.91	0.61
2.78	2.56
1.12	0.44
0.13	1.48
3.53	3.07
4.30	3.44
4.84	2.10
4.59	1.97
0.53	0.81
0.08	3.98
2.42	1.32
3.11	1.50
0.20	3.00
1.50	0.68
1.61	3.76
0.83	3.21
1.97	1.23
0.94	4.44
1.16	1.50
3.68	1.67
4.40	2.13
4.82	0.05
3.90	1.73
3.49	3.30
4.30	2.80
1.30	0.74
3.12	0.83
1.46	2.02
1.65	1.82
0.08	0.84
2.33	2.25
2.60	3.79
0.91	0.15
2.80	0.97
0.01	2.86
0.85	0.07
1.00	2.02
3.98	1.37
1.85	3.83
4.92	1.56
2.10	2.51
3.63	0.35
4.48	3.10
1.90	4.60
3.87	4.59
3.79	0.93
0.89	3.07
1.51	4.14
0.89	4.82
2.78	0.06
3.91	3.05
0.18	3.17
2.34	2.84
1.83	1.10
0.46	2.55
0.60	4.95
4.33	1.50
0.35	1.49
0.51	2.56
3.30	0.61
4.26	0.14
2.13	3.64
0.83	3.25
3.37	0.77
3.13	0.44
1.17	3.55
0.15	2.94
1.51	1.24
2.85	4.88
1.81	2.75
3.15	4.04
4.94	4.21
1.77	4.61
4.53	0.44
2.47	3.46
4.84	2.13
3.10	4.41
4.61	4.03
3.66	0.70
3.34	3.48
1.88	3.90
2.26	2.41
4.75	3.54
4.36	5.00
2.65	0.35
4.24	2.64
2.89	2.04
3.67	2.03
1.16	4.57
2.82	1.98
2.10	3.34
0.01	4.22
4.49	2.86
4.81	3.26
2.37	0.48
0.19	0.53
0.57	3.95
3.82	3.22
1.34	0.08
2.49	3.46
4.09	1.35
1.06	4.23
1.41	4.79
3.71	3.79
2.03	2.74
0.50	1.45
1.17	2.72
1.78	3.41
3.46	4.06
0.78	3.48
1.29	2.30
1.79	4.93
4.36	2.58
2.69	0.95
1.22	2.35
4.71	3.12
4.52	4.12
1.84	3.66
4.62	3.17
4.33	4.51
4.82	1.17
2.73	3.18
2.17	1.01
4.10	2.50
4.43	4.52
1.62	4.03
2.09	4.27
1.91	2.00
3.80	2.70
1.77	2.92
4.81	1.20
2.00	3.35
0.31	4.47
0.94	1.56
4.32	0.04
4.53	2.05
0.18	0.86
2.16	0.03
0.31	3.75
4.53	1.58
0.82	4.77
0.35	3.84
1.16	2.93
3.18	3.25
4.80	2.06
3.16	4.04
4.22	1.45
0.77	3.01
2.15	4.52
1.05	1.10
1.09	0.91
1.68	1.59
4.59	1.33
2.70	4.34
1.81	1.02
3.25	0.28
0.95	1.78
3.02	0.13
3.09	4.48
1.42	1.43
4.87	3.39
2.56	3.30
2.13	0.87
2.50	3.38
1.57	0.70
2.91	2.28
3.53	0.79
1.40	1.29
2.21	1.39
4.52	4.95
3.37	2.14
3.22	1.30
0.24	2.49
4.05	3.34
0.57	2.28
1.10	1.90
0.57	0.82
4.96	1.53
1.94	0.56
4.51	2.29
3.69	2.93
1.27	2.51
3.63	2.35
3.69	4.30
2.94	1.15
0.42	0.65
2.90	1.62
1.67	0.20
4.56	3.68
2.83	3.27
0.35	0.64
2.10	0.16
1.24	2.55
1.58	0.36
4.10	1.49
2.09	4.51
1.31	0.12
2.14	3.37
3.53	0.28
0.36	1.97
1.78	0.37
3.30	4.75
1.57	1.32
2.75	1.38
4.92	3.07
1.62	1.57
0.64	4.77
2.79	0.71
3.94	4.76
3.00	2.48
3.76	2.30
1.76	3.40
0.11	1.91
1.29	3.70
3.37	1.90
3.60	3.25
4.41	2.94
0.03	0.92
1.98	3.96
1.52	0.39
3.34	1.69
4.61	0.35
4.62	2.11
4.20	2.16
4.68	1.73
3.58	3.12
4.64	3.41
0.91	3.83
0.26	1.60
3.93	3.88
0.56	4.09
0.93	0.44
4.05	2.67
1.41	0.38
2.74	2.75
4.14	2.42
0.05	2.43
3.29	2.14
0.24	4.75
0.60	3.52
0.89	2.33
2.17	2.78
4.15	2.32
3.59	1.27
4.13	0.40
0.75	1.40
0.14	1.38
1.32	1.17
4.51	0.36
3.54	0.18
4.15	2.33
4.31	2.11
1.83	4.94
3.07	1.08
1.32	3.25
1.24	1.80
0.14	2.61
3.99	1.24
4.75	0.16
2.58	2.24
0.36	2.90
0.08	2.64
1.53	0.35
2.54	1.55
4.60	2.05
0.31	2.88
0.24	1.03
0.99	4.52
1.75	1.69
1.14	0.31
4.85	1.62
3.35	0.84
0.09	4.75
3.80	2.80
1.58	4.51
2.74	0.94
4.13	3.81
1.46	0.93
1.39	0.25
4.86	0.67
3.65	3.60
2.23	2.38
1.99	4.24
2.33	2.43
4.97	0.35
0.53	0.67
4.50	3.56
1.43	1.40
4.72	2.20
0.36	2.73
1.34	3.51
0.56	2.12
3.65	0.89
0.30	0.87
2.90	4.87
0.89	1.30
3.39	1.41
1.44	1.04
1.84	4.13
0.88	4.86
0.97	2.35
0.53	0.65
0.49	5.00
2.74	2.51
1.78	1.10
2.04	0.08
2.42	1.11
0.01	0.25
3.02	4.22
3.89	3.83
1.09	0.71
1.72	1.84
1.03	4.53
3.03	3.05
4.45	0.60
0.03	1.84
1.94	2.77
3.25	2.50
0.65	2.82
4.09	3.99
1.51	2.96
3.79	1.58
1.23	3.70
4.59	4.92
1.17	1.65
3.64	4.84
4.61	1.30
4.35	4.53
3.60	2.89
2.59	4.03
3.67	3.48
1.72	0.43
2.41	1.42
1.49	4.73
2.66	4.90
4.80	0.35
1.64	3.52
0.27	1.96
4.86	2.89
0.68	2.47
2.20	0.53
3.53	0.54
3.61	2.89
0.29	4.91
3.55	1.86
4.97	1.92
0.80	0.92
0.41	1.97
0.17	0.18
2.87	0.72
2.70	1.31
1.02	0.86
3.55	2.98
0.29	0.39
4.95	4.58
2.10	3.90
1.87	0.67
4.88	3.56
3.98	1.28
0.45	2.54
0.57	3.03
4.37	4.07
4.08	4.15
3.24	0.64
3.40	1.61
0.15	3.72
0.19	1.87
1.22	0.84
4.77	2.35
2.49	3.24
2.80	4.29
0.92	3.98
0.42	3.60
2.29	3.03
2.70	4.99
1.28	2.93
4.71	1.27
0.58	0.61
4.46	3.38
1.50	3.19
4.12	3.80
2.85	2.96
3.89	4.88
2.94	4.30
2.69	1.14
2.21	3.08
0.75	3.73
4.57	1.72
1.54	2.99
0.93	1.40
4.61	4.61
2.18	0.77
0.70	2.96
1.56	4.08
2.58	0.02
3.33	0.00
2.80	1.46
0.11	1.11
4.17	2.13
0.83	2.74
4.53	1.27
4.74	3.86
4.78	3.60
4.15	1.92
2.72	1.42
4.95	2.48
0.30	3.44
4.10	4.39
3.54	0.60
2.24	0.27
2.00	0.08
2.67	2.31
4.30	3.27
4.80	2.96
1.64	0.17
0.89	0.23
3.54	2.23
4.66	2.49
3.42	2.67
4.00	3.14
1.69	3.33
2.26	0.76
0.30	4.38
4.46	1.46
0.36	3.53
4.54	0.35
3.73	3.91
4.47	0.76
4.96	0.49
3.88	0.32
1.88	2.78
0.98	4.77
1.49	2.50
1.55	1.51
2.85	3.10
2.52	1.81
4.30	4.26
0.51	1.94
0.52	3.05
3.28	0.93
3.48	5.00
3.67	4.24
1.96	2.12
1.11	0.18
1.10	1.79
4.97	3.23
1.53	4.74
2.60	0.83
2.35	2.17
1.88	3.10
3.26	1.99
4.27	2.64
3.46	1.30
4.29	4.74
3.94	2.17
0.54	1.28
4.78	0.45
0.69	0.20
1.05	2.76
0.14	0.57
3.57	4.39
4.26	2.37
0.63	1.88
3.91	3.25
2.31	1.90
2.24	4.33
1.51	4.21
3.26	0.27
4.47	4.84
3.64	3.96
3.52	2.19
4.87	4.94
1.28	2.06
1.29	0.71
3.80	4.79
3.21	4.42
3.74	1.33
0.59	2.72
1.14	2.25
3.95	2.25
0.92	3.08
3.68	3.62
4.95	1.47
2.55	2.13
1.54	1.52
3.78	4.77
1.41	3.17
3.38	4.02
1.99	4.50
0.81	4.60
0.93	2.76
1.24	0.16
0.59	0.15
0.78	3.52
1.76	3.69
3.21	4.79
3.65	4.19
2.44	3.53
1.59	2.65
0.09	2.63
0.53	3.47
1.08	3.26
4.40	2.91
2.85	2.25
0.96	2.00
0.60	0.37
1.82	2.75
0.94	2.00
4.15	2.69
1.31	4.44
4.00	2.56
0.35	2.19
0.51	3.53
1.84	4.70
1.45	0.32
0.75	3.54
3.04	3.77
0.28	3.27
0.53	1.33
2.09	3.21
1.68	1.62
0.50	0.86
1.52	4.54
2.45	0.94
0.14	1.21
1.08	2.98
4.47	3.76
0.22	3.90
1.09	3.05
0.43	1.09
4.19	3.61
4.68	0.61
1.66	3.20
3.00	4.39
2.13	1.12
0.55	4.78
2.64	2.80
2.66	4.07
4.02	0.12
3.31	1.98
0.89	0.75
0.60	3.17
3.47	1.96
3.14	2.64
0.74	3.61
1.48	1.53
2.96	2.26
1.87	1.50
1.46	3.18
2.48	1.33
4.91	4.57
3.29	4.81
4.16	3.13
1.58	0.29
1.68	3.30
3.68	2.72
2.45	2.66
2.30	0.50
4.75	4.13
0.39	0.69
3.03	1.30
3.56	2.37
4.56	1.91
2.98	4.94
2.86	0.02
4.50	4.40
3.46	1.76
2.04	3.17
1.50	0.38
0.42	0.48
1.05	0.71
2.74	3.07
3.05	4.56
2.16	3.07
1.64	3.27
1.01	2.48
3.50	0.16
2.52	1.56
0.76	0.71
1.43	1.05
0.55	0.36
4.67	1.36
2.90	4.88
2.59	4.84
4.20	0.83
3.51	0.84
4.81	3.97
1.46	1.33
2.71	1.34
2.53	4.06
4.30	3.45
4.74	3.47
4.59	1.06
4.65	3.80
0.98	2.11
1.68	3.07
3.84	2.94
1.90	0.45
1.81	3.91
3.51	4.48
1.67	3.74
0.18	3.72
0.08	3.12
1.47	1.38
4.16	2.56
1.31	0.37
3.29	1.04
1.38	0.16
1.87	1.87
1.07	2.12
1.14	3.94
3.87	0.20
3.19	1.54
3.12	4.71
1.46	3.48
0.92	2.06
0.01	2.19
4.78	4.73
2.85	1.37
0.34	1.28
0.01	1.02
2.20	2.54
4.41	2.19
1.23	1.48
1.51	3.89
3.43	0.52
3.76	3.73
4.59	1.78
2.94	4.22
4.25	2.51
1.17	0.99
4.74	4.84
0.14	0.10
2.97	1.08
3.76	0.94
2.98	3.00
1.11	2.65
1.41	0.98
4.73	1.65
1.87	1.35
4.00	4.48
0.80	3.07
4.34	0.25
3.99	2.67
0.38	3.78
2.48	4.37
0.09	1.01
0.98	0.59
2.09	0.51
4.31	1.18
0.10	0.37
4.33	3.43
1.24	2.57
0.45	3.33
4.90	2.71
1.18	2.49
4.09	0.98
2.89	4.04
4.02	1.37
4.07	4.88
1.01	4.50
4.68	1.01
0.03	0.90
0.45	2.06
0.66	0.12
0.97	0.58
4.04	2.87
3.37	1.70
3.01	2.45
0.27	3.20
2.73	3.52
1.61	1.57
2.03	0.89
4.40	4.48
3.40	3.08
3.30	0.49
0.07	0.08
2.20	2.63
4.74	2.67
3.62	2.62
2.17	0.06
2.87	4.00
2.17	1.05
3.25	2.64
4.99	4.10
1.60	0.03
2.99	4.51
0.68	0.48
1.05	3.27
0.75	4.89
2.70	4.85
2.41	0.80
0.33	2.93
1.80	4.48
0.27	1.17
1.74	3.33
2.64	2.96
3.90	3.73
1.18	2.88
2.80	1.58
0.15	4.35
1.55	0.35
3.45	2.24
2.74	3.92
1.01	1.37
4.95	4.27
3.10	1.18
1.47	1.70
1.10	4.56
2.93	3.67
1.70	3.38
4.27	1.02
2.07	1.22
4.50	4.26
4.91	3.85
4.18	0.39
0.47	1.12
1.50	0.10
2.23	4.33
2.00	3.27
3.46	1.60
0.81	0.29
4.41	4.41
3.24	0.33
3.53	2.37
1.15	2.20
1.06	4.13
2.48	2.86
0.08	1.53
0.44	3.11
2.56	0.41
1.88	4.72
2.87	0.76
1.16	3.42
1.32	0.75
1.77	1.64
2.78	3.65
2.33	0.86
3.88	3.80
2.72	2.98
2.10	2.59
2.93	1.29
1.52	2.91
4.36	2.01
2.69	0.68
2.87	2.96
3.24	4.70
2.85	2.52
1.39	1.69
3.97	2.48
1.41	1.31
4.98	0.23
3.67	1.92
4.39	1.80
1.37	0.85
2.97	4.21
2.46	4.51
1.57	1.91
2.80	2.05
0.72	4.57
0.46	2.58
4.63	0.04
1.66	0.46
3.05	3.83
0.51	4.20
3.68	3.74
2.94	4.45
0.96	0.86
4.88	3.16
4.65	0.87
0.70	0.83
2.21	2.29
0.40	0.98
4.48	1.56
2.90	1.07
2.65	2.82
2.81	1.57
2.74	3.70
0.15	0.23
0.05	1.80
4.90	1.59
2.20	0.30
3.44	2.18
3.44	4.87
4.17	0.40
1.73	2.97
2.28	0.65
2.14	0.80
2.16	0.07
1.61	2.38
0.98	2.31
0.09	4.67
3.63	1.91
2.27	2.29
1.91	3.80
2.05	4.93
0.25	2.49
3.74	0.63
1.02	1.39
4.80	3.16
4.49	3.11
4.62	1.69
1.98	2.91
2.50	1.57
0.94	3.11
0.26	0.41
1.60	2.85
1.75	4.36
3.10	3.61
1.32	0.30
0.52	2.89
3.04	0.63
0.47	4.47
0.14	3.48
4.27	1.35
1.60	2.55
1.51	3.59
3.37	2.00
1.26	1.20
1.89	3.78
4.69	3.88
0.96	1.15
0.12	2.57
1.22	4.40
0.77	4.45
2.35	1.67
0.65	2.10
4.26	4.96
1.07	3.89
2.47	4.06
3.25	2.44
1.34	3.33
2.29	4.67
0.99	4.25
3.51	1.67
4.87	4.38
0.14	4.10
4.80	1.36
4.38	3.59
4.42	3.83
4.94	3.28
4.71	4.46
0.08	1.11
1.93	3.68
3.81	2.00
3.92	1.45
1.83	1.17
0.47	3.11
0.24	3.59
1.62	4.41
1.73	0.87
0.30	4.74
3.07	0.13
1.83	2.12
2.66	0.87
3.14	2.63
3.22	4.52
3.44	1.70
2.98	3.09
1.15	4.50
2.63	2.28
3.87	2.30
1.23	1.41
3.65	1.93
1.38	2.16
4.94	0.56
2.33	4.81
0.83	3.53
4.86	0.97
0.84	3.14
2.85	4.11
0.03	2.44
4.38	3.98
4.30	3.46
4.32	4.46
1.14	0.59
0.77	4.03
3.27	0.75
4.87	1.96
4.27	3.53
1.77	3.20
1.88	0.66
0.33	4.24
3.84	0.88
0.23	2.46
0.35	3.27
2.88	0.85
4.68	3.53
1.45	0.89
0.07	0.29
0.72	0.73
1.67	0.37
4.20	2.27
1.22	4.59
4.36	0.23
1.20	3.01
1.23	3.17
1.49	1.46
0.67	1.29
3.43	3.76
1.29	2.78
0.79	2.35
2.41	0.89
0.99	3.01
1.04	1.17
3.14	2.77
2.35	3.80
0.75	3.54
1.25	3.77
2.88	2.71
1.90	2.28
1.82	0.59
3.30	1.09
4.12	3.85
0.84	2.21
3.79	2.66
2.83	4.14
3.03	4.25
0.78	1.88
0.87	4.26
3.94	1.99
4.20	2.40
1.27	0.34
3.63	3.32
3.54	4.43
3.51	3.76
3.76	4.09
1.28	1.75
1.50	3.71
0.88	4.23
4.80	1.50
3.74	4.42
3.82	0.79
3.08	1.14
1.16	1.22
4.08	2.67
1.98	2.53
2.41	3.72
0.85	1.48
2.94	5.00
3.10	2.89
3.87	1.10
0.14	4.02
2.98	3.52
1.73	1.92
4.25	2.35
3.05	2.19
2.59	1.44
0.23	3.22
3.09	4.08
1.02	4.20
4.39	2.58
1.09	1.05
1.57	2.66
1.56	3.77
0.18	0.68
0.82	0.36
1.81	3.94
1.18	1.61
0.38	2.10
1.04	3.40
0.04	0.23
4.02	2.40
2.19	2.05
4.00	3.63
3.58	4.82
3.80	3.36
1.93	0.48
0.65	3.14
2.77	1.16
2.95	1.40
3.39	0.31
1.04	1.72
0.14	4.80
4.33	2.56
4.99	1.67
2.56	1.54
0.54	2.46
1.70	3.21
0.28	2.16
3.37	2.69
1.93	3.81
1.82	4.11
1.90	4.51
4.11	1.26
3.12	3.04
1.90	4.58
1.13	3.98
2.52	2.90
0.72	3.18
2.86	5.00
0.64	4.46
1.73	0.60
3.94	2.62
4.50	2.66
0.04	3.14
4.39	2.45
2.06	4.55
0.51	1.67
4.39	0.11
0.79	0.58
0.81	1.12
2.15	4.28
2.66	0.40
0.54	4.42
4.82	0.45
0.72	1.97
3.97	2.13
3.77	2.12
0.00	1.07
0.37	1.12
0.93	0.97
3.70	0.63
0.49	4.13
3.82	4.11
0.54	2.02
3.98	0.94
1.40	0.54
4.96	3.15
4.41	1.68
0.34	1.29
4.73	1.10
3.53	0.20
1.22	3.31
2.40	2.58
2.00	3.94
3.19	2.84
0.75	1.68
2.54	1.06
3.52	0.00
0.91	1.81
4.94	2.48
0.29	0.17
0.40	3.45
1.22	2.72
2.65	4.38
1.76	4.08
1.63	0.10
0.94	0.11
1.23	2.44
4.79	2.30
4.84	3.33
0.38	3.74
3.99	2.92
2.06	0.40
0.71	3.08
4.06	3.04
4.25	0.67
0.27	3.64
2.01	4.80
4.61	1.86
2.47	1.76
0.13	1.30
4.66	1.59
0.20	2.05
4.71	4.88
2.78	0.65
4.52	3.83
1.77	0.53
1.39	1.91
4.81	1.12
4.64	1.99
2.90	0.86
2.09	3.44
0.17	0.04
4.18	4.50
1.13	1.43
2.96	2.27
3.43	2.94
1.32	3.85
0.92	3.82
4.74	3.22
0.34	2.38
3.80	0.26
4.72	0.99
0.75	4.57
2.58	0.73
1.87	3.67
4.82	1.26
0.21	2.26
0.12	3.39
4.93	0.77
4.86	0.27
3.67	4.39
0.73	0.39
4.05	0.41
1.17	4.43
3.55	4.84
2.32	0.36
4.08	1.65
0.51	0.55
4.04	0.91
0.35	2.25
0.17	0.14
1.65	2.50
0.82	1.40
3.42	1.35
4.87	4.76
4.91	2.34
2.31	2.59
1.78	2.48
3.09	2.54
4.77	4.08
0.52	0.80
4.38	4.44
3.63	1.47
1.93	0.08
0.71	1.68
1.62	0.93
2.04	1.57
2.58	0.80
0.28	2.46
2.13	4.76
1.00	1.39
3.74	0.22
3.69	4.63
2.95	2.88
0.59	2.89
4.87	0.44
1.44	0.88
4.20	1.63
1.95	4.14
2.20	0.02
2.24	1.28
4.95	2.23
4.36	0.56
3.41	2.15
3.94	5.00
3.94	3.41
1.75	1.51
1.59	4.76
4.94	0.06
4.40	3.65
0.95	0.41
3.73	1.14
4.04	4.93
3.98	2.51
0.46	2.75
0.04	0.64
3.00	1.87
1.67	1.04
4.48	2.72
1.89	0.51
2.34	3.54
0.23	3.08
3.28	0.22
2.26	1.05
1.95	0.02
3.44	0.11
2.47	1.56
3.80	2.54
4.73	0.43
4.13	3.89
4.45	3.08
1.06	3.62
2.32	3.81
4.99	2.15
2.34	3.45
4.49	2.12
3.53	0.76
0.44	3.85
2.03	1.50
0.10	0.57
2.05	3.24
4.22	1.95
0.15	2.71
0.02	4.70
1.62	1.38
3.26	2.73
1.21	3.79
0.41	4.88
2.80	2.27
0.22	1.97
4.04	1.02
4.28	1.21
1.76	1.95
2.64	4.59
3.50	4.09
3.25	4.70
3.00	3.29
3.60	0.56
4.85	3.82
3.40	2.69
3.82	3.31
4.36	1.28
4.45	2.96
1.62	3.64
4.88	0.12
1.32	1.53
1.52	0.83
0.14	1.81
2.33	0.74
0.37	3.78
2.28	3.58
3.16	4.33
3.16	2.16
3.34	2.65
3.60	3.39
0.80	4.05
1.87	4.65
2.30	3.52
4.99	0.80
1.73	2.75
2.71	2.14
3.69	0.66
3.57	0.99
2.18	0.89
2.76	1.03
0.73	1.55
3.39	0.79
0.31	0.90
2.94	4.98
3.47	0.07
1.24	4.60
1.02	2.56
4.60	4.33
2.51	2.78
2.67	3.63
2.66	0.24
1.15	0.32
3.18	3.50
3.03	4.13
3.45	2.80
0.15	0.21
3.75	2.93
4.79	1.38
1.23	3.48
2.53	1.05
1.98	0.92
3.26	2.76
2.06	3.24
2.05	0.59
0.99	0.69
4.51	4.15
3.85	2.13
4.18	0.58
1.37	0.23
0.32	0.41
2.83	4.80
4.84	3.63
2.95	2.45
1.19	1.70
1.71	2.32
0.81	1.12
0.69	1.92
4.91	3.99
4.74	3.62
4.82	1.04
0.49	2.33
4.16	2.92
1.10	1.52
4.41	0.64
2.10	4.99
3.11	1.87
4.27	4.05
0.28	0.28
2.18	4.84
4.05	0.94
1.36	3.46
0.59	0.91
2.40	1.97
1.55	0.13
2.49	1.23
4.51	4.05
3.01	2.65
2.52	1.08
1.71	3.91
3.94	4.16
4.25	0.17
2.35	2.96
2.17	0.66
4.17	4.78
3.74	2.14
2.96	4.45
4.28	4.73
0.02	0.88
4.33	2.04
0.27	4.93
2.37	2.35
0.52	1.30
3.45	4.08
4.69	4.36
0.88	3.74
1.41	1.15
0.79	1.83
4.50	2.34
3.10	2.08
0.88	0.56
2.67	1.96
3.09	3.39
1.13	2.89
0.33	2.23
2.74	1.23
2.74	1.47
2.44	2.04
3.07	1.59
4.67	0.53
3.15	3.31
4.27	2.22
0.35	4.59
4.01	1.45
4.96	0.94
3.73	3.76
0.03	4.35
2.41	2.00
4.05	0.58
2.32	2.13
4.73	4.20
3.86	4.16
4.31	0.85
0.27	0.37
2.43	0.97
3.63	2.45
2.15	4.78
1.93	1.42
3.75	3.35
2.09	3.91
2.86	1.23
0.01	1.04
1.43	1.84
1.58	0.86
4.91	2.60
2.55	3.71
3.68	2.60
1.01	4.51
4.39	2.09
2.79	4.93
4.45	4.05
3.89	3.35
3.38	4.70
3.38	4.55
4.86	1.34
1.86	1.71
2.03	2.83
2.60	2.20
1.17	4.70
2.09	0.07
0.49	3.19
1.53	1.94
1.27	4.51
3.03	4.94
3.02	3.33
2.32	4.59
2.35	1.59
4.30	2.35
2.92	2.01
4.01	2.55
4.30	2.87
2.83	0.41
3.20	4.27
3.55	2.95
4.07	3.74
3.50	2.37
3.90	2.83
0.98	1.35
2.97	4.40
3.94	3.13
3.74	4.24
3.89	4.51
4.69	4.31
4.02	3.18
4.40	3.94
2.70	1.91
3.37	4.35
2.47	0.40
2.51	1.04
4.27	1.97
2.25	3.36
3.59	1.24
0.36	4.62
2.88	0.14
4.55	1.32
3.79	4.16
2.72	4.73
3.80	2.38
4.63	3.00
3.66	4.29
3.37	2.49
0.67	3.72
3.61	2.11
2.75	4.85
1.23	4.92
4.65	2.84
0.06	2.32
0.20	1.72
2.22	1.39
3.99	4.88
2.30	2.46
0.88	4.10
4.09	4.83
4.42	0.94
0.49	4.84
2.81	0.28
3.03	2.17
1.62	3.99
2.67	1.63
2.90	3.93
1.76	4.51
3.55	2.14
0.22	0.64
4.34	2.39
0.26	4.07
1.55	1.43
4.45	2.91
0.15	4.85
1.56	0.90
0.27	1.73
2.47	1.00
3.73	4.57
1.15	3.98
3.10	0.25
1.33	2.88
3.44	0.32
4.83	2.03
0.49	3.86
1.17	2.82
4.49	3.70
1.23	1.29
0.32	2.17
3.93	1.68
2.78	0.26
1.26	3.05
0.32	0.08
0.69	0.44
1.31	3.29
3.17	0.65
4.14	4.33
1.85	1.97
1.47	0.87
3.00	1.39
3.53	0.00
0.76	2.31
2.26	2.52
1.65	0.27
0.80	4.39
2.26	3.97
2.15	3.45
0.87	3.79
1.54	1.40
4.42	0.03
4.28	0.44
1.69	3.16
4.09	1.42
2.57	4.08
2.19	4.63
0.39	2.46
3.49	2.48
1.09	2.23
4.16	2.86
2.88	3.91
3.76	0.03
4.76	4.70
0.98	0.45
4.95	3.02
3.72	3.63
2.63	0.85
2.73	4.34
2.12	3.42
2.80	0.43
3.68	2.56
1.68	2.03
3.68	1.67
4.40	1.24
4.66	2.28
4.72	2.97
2.33	4.16
0.93	1.61
2.03	3.27
4.73	5.00
1.58	4.13
0.53	1.07
0.73	0.81
1.74	0.23
4.57	3.33
1.92	0.53
4.35	4.37
0.93	0.42
4.29	3.77
0.14	3.65
1.80	2.01
0.85	3.59
1.12	1.64
2.06	4.40
2.63	4.58
1.24	4.67
0.17	1.49
1.81	4.30
3.59	3.44
1.41	4.23
2.06	4.96
2.57	3.96
1.01	1.67
1.12	0.69
1.93	4.88
2.41	0.10
4.24	0.22
2.40	2.51
2.77	1.51
3.13	4.89
2.03	1.32
1.65	3.22
0.62	4.07
2.17	1.50
4.80	3.00
3.05	3.50
4.91	2.06
4.23	0.14
1.98	4.77
0.14	0.36
4.25	1.84
4.92	0.92
0.04	0.71
4.01	0.33
3.32	0.56
0.84	0.47
2.82	2.45
2.56	4.20
3.63	0.44
0.76	0.93
2.17	0.81
1.67	2.61
1.43	2.82
4.78	0.91
3.22	1.26
0.38	2.72
2.91	2.70
3.79	4.49
4.73	4.23
3.21	2.54
2.57	0.60
3.40	0.37
1.14	3.00
4.39	0.76
2.34	4.86
2.35	4.69
4.52	2.84
4.66	1.24
4.81	3.82
1.98	2.18
0.49	1.38
2.75	2.32
0.74	3.57
4.26	1.62
3.68	1.66
4.75	2.73
1.66	3.07
2.48	2.85
4.41	0.12
1.09	1.80
0.16	4.77
4.63	3.72
4.69	3.52
1.77	3.08
1.33	0.30
0.99	1.70
2.60	4.70
1.94	1.72
0.27	1.65
3.61	1.20
0.72	3.50
1.20	2.22
1.84	4.88
1.49	3.67
0.25	0.26
1.03	4.29
4.91	4.46
1.77	4.04
3.76	0.84
1.35	0.99
4.73	2.65
3.33	3.13
1.03	3.00
3.01	4.46
3.42	4.52
0.37	2.03
3.10	0.57
4.78	0.78
4.54	0.55
0.06	0.75
1.69	2.80
4.11	1.86
4.12	4.96
4.26	4.31
1.63	2.68
2.77	3.41
1.92	4.12
1.93	1.37
0.73	4.40
4.10	4.24
2.52	0.72
4.72	1.02
2.53	0.97
0.46	3.67
2.62	0.58
4.77	0.10
3.64	4.72
0.22	4.68
1.72	0.26
4.90	4.50
3.72	4.40
0.17	2.01
4.90	4.84
2.55	4.14
2.24	3.78
0.48	0.44
2.52	1.53
0.20	2.51
2.66	3.26
0.30	4.96
2.97	1.03
1.21	3.07
0.58	1.72
3.85	0.53
0.79	4.70
1.20	0.99
4.02	2.66
2.44	0.64
3.87	2.04
1.37	4.77
4.95	4.43
4.84	4.84
4.47	4.05
1.63	3.92
2.63	0.96
4.05	2.04
0.27	4.44
2.16	4.75
0.47	0.38
0.02	2.16
2.79	1.69
3.85	2.72
4.33	0.50
4.37	0.43
1.74	1.54
3.91	1.25
1.72	0.92
3.84	4.57
0.25	0.45
4.32	2.65
2.05	3.23
0.94	1.42
2.03	1.86
2.10	3.65
0.01	1.79
1.43	0.88
2.79	3.57
1.60	3.81
4.81	3.70
4.20	1.27
4.71	0.53
0.08	1.63
4.69	3.25
0.81	1.35
3.59	3.57
4.45	4.18
2.05	1.86
2.86	0.76
4.89	1.30
3.00	2.69
1.07	1.24
1.86	1.45
1.18	2.88
2.29	2.22
0.71	3.33
2.27	4.41
4.26	1.47
0.62	0.48
2.38	2.26
4.86	1.96
2.22	3.72
0.83	1.47
2.73	4.42
3.61	2.15
2.20	2.30
1.27	1.35
3.37	4.27
0.80	3.10
1.47	4.70
0.14	4.79
0.36	4.60
1.02	1.41
0.28	2.44
4.67	1.79
2.95	1.28
1.13	4.96
1.45	1.68
2.76	0.57
1.77	3.78
4.55	1.66
2.74	1.81
1.01	4.12
3.45	3.97
4.40	1.95
4.40	0.36
4.35	3.53
4.51	1.95
1.18	4.29
0.47	3.53
3.70	3.01
3.87	4.00
2.29	3.66
3.82	3.07
4.28	2.53
4.32	3.77
1.44	0.09
0.84	1.27
3.55	0.23
4.86	4.42
2.58	4.59
3.33	2.38
3.88	3.04
1.76	0.37
4.27	1.93
1.08	4.65
1.56	0.34
2.66	3.64
1.38	0.38
0.13	3.86
4.56	1.50
4.15	1.17
2.47	0.08
2.61	0.04
3.14	4.53
4.64	0.56
2.46	2.90
0.80	0.63
3.53	4.36
0.38	2.97
1.30	2.76
3.77	4.47
0.92	0.35
4.00	3.32
0.77	1.85
1.65	2.17
4.58	4.11
1.02	3.92
2.69	4.32
3.54	4.93
4.00	4.73
0.96	4.13
3.01	0.18
1.43	4.78
1.24	4.90
1.28	4.86
2.71	3.62
3.77	0.71
0.84	2.75
3.08	2.74
2.49	1.01
3.61	1.36
0.11	0.15
4.32	0.54
4.53	0.11
2.25	1.16
3.52	4.82
2.14	1.00
0.94	3.48
0.99	2.92
1.63	4.75
2.32	3.17
4.64	5.00
4.36	1.56
0.68	4.50
0.12	1.05
4.72	4.95
4.92	4.29
0.86	4.36
2.98	0.87
4.66	0.19
0.56	4.38
1.80	4.78
1.78	4.63
2.86	2.23
1.78	1.57
0.84	4.15
3.77	3.45
1.34	2.36
2.47	3.51
0.20	0.06
1.25	0.99
4.60	4.13
4.17	3.88
0.92	4.67
1.58	3.04
2.11	4.70
4.77	4.10
2.36	1.50
0.28	0.90
3.70	3.03
4.24	1.77
2.59	2.25
0.13	2.18
3.92	3.86
0.66	0.24
0.94	3.06
0.54	4.31
2.25	2.84
1.84	4.93
0.44	1.46
2.76	1.64
2.57	4.52
3.22	3.28
4.15	1.00
2.49	4.09
1.32	0.83
4.77	1.58
0.46	2.12
3.07	0.69
0.30	4.23
0.25	2.95
3.83	4.02
3.36	3.40
1.03	0.97
3.81	2.16
3.57	3.31
0.84	2.20
3.99	0.80
0.06	4.19
4.81	1.83
1.68	4.16
2.47	1.18
4.89	4.70
1.48	2.01
0.78	0.14
1.46	4.97
0.73	1.77
3.08	4.46
0.93	4.18
4.08	1.95
1.06	4.50
2.68	3.77
1.70	1.90
3.47	0.72
0.31	0.54
0.16	4.83
4.74	0.31
4.89	3.93
1.55	0.46
0.92	2.86
3.41	2.96
3.85	0.73
0.48	3.57
1.31	2.22
1.16	0.28
2.13	1.96
0.67	0.69
3.71	4.58
3.97	1.51
0.26	4.56
1.16	0.83
4.94	3.98
3.61	0.66
0.77	3.00
3.77	4.91
3.34	2.03
4.86	0.34
3.13	1.97
3.63	0.88
0.88	3.03
0.73	3.38
2.46	0.46
3.04	1.00
2.93	4.99
1.34	3.63
0.18	3.95
4.50	2.97
4.81	3.69
3.02	3.37
1.33	2.52
0.45	3.33
4.96	3.32
0.80	1.12
4.16	3.89
3.27	2.20
1.55	3.31
3.39	4.89
4.23	1.83
0.40	0.35
4.86	2.42
1.27	2.12
1.18	1.44
0.72	0.15
4.59	2.18
4.41	3.85
2.80	4.16
4.56	3.86
2.13	3.23
2.92	1.87
2.19	1.58
0.85	3.45
4.35	4.25
4.57	3.86
0.01	3.43
1.49	2.59
1.42	4.32
4.82	2.82
0.17	1.28
3.75	2.93
2.78	1.17
1.14	3.30
3.53	0.75
3.39	2.45
1.21	3.46
4.47	3.19
0.33	1.44
1.87	0.68
1.68	2.10
2.16	1.08
3.53	4.77
2.59	1.06
2.41	1.32
2.82	0.49
1.13	1.42
2.35	2.64
2.29	1.86
4.92	3.47
2.38	1.10
0.25	4.01
4.60	4.66
1.97	2.32
3.27	3.82
2.75	4.13
3.69	4.81
3.63	4.52
3.71	3.00
4.74	0.37
2.16	1.60
3.27	2.06
4.45	1.86
2.69	0.96
2.43	2.11
3.56	2.69
3.42	1.12
2.26	4.87
3.04	1.45
3.26	1.96
2.23	1.97
4.05	3.42
0.93	4.74
4.35	0.95
4.99	4.62
2.19	4.46
2.48	1.52
4.93	1.04
2.51	4.11
2.07	0.83
2.18	4.85
4.86	3.15
1.80	1.17
4.52	1.42
4.22	3.64
1.78	0.37
1.21	2.15
4.89	4.05
3.18	2.84
2.12	3.85
3.76	3.47
2.17	0.91
1.84	2.50
2.26	3.25
1.53	2.05
4.06	3.50
4.67	2.83
1.84	4.40
0.90	4.63
0.38	0.08
2.51	3.78
2.03	2.69
4.42	0.09
3.56	0.14
4.60	3.87
3.05	2.53
1.26	4.97
0.86	1.51
0.81	4.15
1.52	3.80
4.64	3.91
4.70	1.95
2.92	4.50
4.22	3.12
0.77	2.79
3.14	3.42
0.09	0.90
1.37	3.52
0.01	3.61
4.51	3.42
0.08	3.04
3.61	2.55
2.49	1.54
0.62	4.02
3.75	3.64
3.17	0.24
1.26	0.60
0.10	0.48
1.85	1.26
1.06	4.17
2.73	0.91
3.85	2.66
4.22	0.48
3.04	0.75
0.05	1.57
1.47	3.47
2.89	3.79
3.95	2.38
1.58	4.38
3.47	0.23
1.73	1.35
0.53	2.08
2.65	0.20
0.24	0.57
1.55	0.85
4.73	2.84
0.32	0.61
0.41	1.27
0.82	0.77
0.39	0.67
1.72	3.99
1.90	4.22
3.52	1.84
2.49	1.25
3.26	1.40
0.79	0.30
1.71	2.75
4.62	1.46
3.78	3.79
3.97	3.02
1.71	2.09
1.15	3.34
1.42	3.42
2.98	4.96
4.27	0.22
2.40	4.27
4.79	3.51
2.64	1.65
4.85	0.57
1.74	3.33
0.67	1.49
4.39	3.28
1.99	1.50
0.33	0.12
1.41	2.47
0.34	1.26
2.45	0.79
1.20	3.64
1.69	0.68
0.52	2.81
3.47	1.31
0.49	4.85
0.35	2.99
1.82	2.84
3.46	2.53
0.36	3.11
4.39	4.93
3.63	3.90
3.91	3.86
3.83	2.62
3.42	0.62
1.13	1.05
1.25	1.94
3.41	1.42
4.18	4.57
3.70	4.74
4.15	0.48
1.45	1.81
0.73	4.49
2.07	1.15
2.30	2.29
1.51	2.06
2.67	0.19
4.00	0.66
4.73	4.31
1.14	0.76
4.43	0.47
4.64	1.26
1.24	3.18
2.95	1.40
0.26	0.55
3.98	0.14
2.43	4.47
1.78	0.81
0.77	4.37
4.89	2.75
4.54	0.47
2.41	1.50
3.05	1.84
1.77	0.09
1.87	2.42
3.09	4.33
2.61	2.89
0.76	1.02
0.65	4.48
1.81	3.82
1.77	0.89
3.96	2.83
4.63	2.74
3.17	0.01
0.25	4.74
1.35	4.34
3.70	4.10
0.18	1.78
0.02	4.80
0.04	2.34
3.33	1.01
1.41	3.05
2.77	4.39
2.22	3.10
3.64	4.08
0.23	4.23
4.42	4.52
4.03	2.23
3.33	1.27
4.23	2.73
2.62	1.10
4.01	2.14
0.02	3.18
3.88	2.65
4.16	4.82
0.91	2.95
4.36	0.48
1.13	4.78
0.74	0.45
2.17	3.50
2.18	0.66
4.45	4.48
2.45	3.18
0.16	0.78
4.69	2.57
3.57	1.23
4.96	1.26
0.05	2.15
3.08	3.46
2.89	4.92
2.36	0.18
4.02	0.94
0.38	4.49
4.23	4.98
3.93	0.01
2.97	2.31
4.43	1.82
0.62	0.04
4.53	3.71
3.05	2.62
1.98	1.91
4.02	1.84
4.22	0.52
0.75	1.61
0.66	0.56
1.42	3.33
4.33	4.69
1.24	3.06
1.23	1.82
4.52	2.40
3.15	1.29
1.21	0.86
4.10	3.77
4.98	3.49
0.89	1.68
3.49	3.52
0.41	4.85
3.15	1.24
4.64	3.03
2.11	1.74
3.91	0.25
4.41	0.74
0.45	1.91
2.66	4.39
1.53	4.49
3.77	1.06
0.76	3.82
4.03	0.03
1.33	2.24
0.40	4.30
1.76	1.25
3.94	2.06
3.20	0.97
0.03	4.09
1.48	4.51
1.79	1.77
3.66	0.02
4.52	3.47
0.72	0.60
3.83	0.10
2.40	2.14
4.10	3.46
4.96	1.72
1.67	4.93
4.57	4.69
3.97	4.83
2.01	1.22
1.41	2.04
3.87	3.90
3.24	1.85
1.04	1.12
2.27	4.12
3.08	1.91
0.53	3.01
0.09	1.47
4.25	3.54
4.41	2.69
1.64	0.03
0.40	3.24
1.20	0.70
3.90	3.77
1.02	2.63
2.06	2.44
1.56	1.17
4.81	2.55
0.16	2.82
1.80	4.63
0.28	0.94
1.53	1.60
1.88	3.84
4.97	0.13
2.06	0.52
1.72	4.18
1.37	4.83
0.02	1.54
1.67	4.66
0.53	1.99
0.32	3.94
4.99	1.37
4.03	0.99
2.09	3.63
2.44	3.56
1.91	3.86
2.47	1.83
4.72	3.66
4.51	2.65
1.00	1.34
0.08	4.87
2.56	2.94
3.32	2.50
3.13	1.73
0.30	4.68
2.49	2.65
0.47	3.47
0.02	4.92
4.10	3.07
1.50	0.41
2.81	1.39
2.95	2.29
2.30	2.81
1.03	3.19
2.90	3.69
2.10	4.47
2.99	0.23
0.89	2.92
4.90	1.52
4.78	4.15
0.10	3.76
1.68	2.07
2.68	0.43
2.09	1.59
0.50	1.40
0.89	2.71
3.03	3.27
4.82	2.01
3.25	1.59
4.17	3.60
3.43	0.41
0.74	0.22
0.85	3.12
4.32	1.36
4.58	3.59
1.32	3.94
3.62	0.94
2.08	3.02
4.66	0.76
2.80	3.78
4.53	1.09
3.71	3.17
3.24	0.85
2.03	3.88
3.21	4.06
2.04	0.66
3.97	3.41
4.44	3.60
3.81	2.22
3.35	0.67
1.74	4.42
2.26	1.77
3.01	3.37
4.28	4.39
0.86	0.71
2.58	1.41
0.44	3.29
3.84	4.72
2.37	1.84
1.11	3.91
0.17	1.98
1.86	2.87
4.65	4.52
3.61	3.15
3.09	3.95
1.73	1.54
2.85	0.62
3.33	0.92
1.30	4.70
1.22	2.15
3.90	1.56
4.04	1.76
1.98	1.37
1.60	4.40
0.00	2.58
4.34	0.96
4.10	2.03
1.51	2.99
4.98	2.23
0.50	1.40
3.21	4.23
3.21	2.32
3.82	2.95
0.87	0.55
4.99	4.69
0.16	1.55
2.24	0.66
1.67	0.57
0.32	3.34
1.13	3.30
4.30	1.86
4.76	0.62
0.19	1.04
2.21	0.85
2.17	3.32
4.56	1.64
0.50	1.59
4.44	4.66
3.66	0.73
2.39	0.22
2.77	0.08
0.96	0.54
4.21	3.72
2.73	4.39
3.11	0.55
3.89	2.85
1.33	1.00
2.30	0.39
3.17	2.42
2.33	2.46
0.67	0.78
3.90	0.84
2.80	1.41
4.15	0.40
4.36	2.64
3.40	0.72
0.63	1.69
0.55	4.49
3.14	3.29
4.40	4.17
4.89	2.57
3.51	2.32
0.55	0.20
1.33	1.09
3.09	3.99
2.56	0.27
3.06	2.94
3.10	3.91
0.45	1.52
3.62	4.67
2.02	3.57
0.53	1.07
3.11	2.79
3.71	2.11
3.84	3.56
2.17	0.14
3.62	3.42
1.81	2.56
1.56	1.14
4.33	4.51
2.15	1.88
2.25	4.79
2.06	3.86
2.25	4.13
3.53	3.96
3.32	0.29
4.27	2.89
0.85	1.81
0.88	3.72
0.03	2.64
0.27	1.37
4.53	2.86
3.59	3.95
1.15	1.02
2.14	0.75
1.87	2.33
2.91	0.84
2.05	2.38
3.88	4.97
2.21	4.95
0.32	3.09
0.88	3.42
3.86	3.90
2.48	4.53
4.50	2.73
2.18	4.32
4.55	3.49
3.84	0.60
4.53	0.56
2.98	3.00
2.50	1.37
3.81	1.27
2.71	0.69
2.77	4.32
2.81	3.00
1.11	2.87
2.07	4.82
0.24	0.39
3.57	4.55
1.41	2.71
4.49	3.16
0.41	4.06
2.11	0.13
3.49	2.93
1.93	0.10
2.61	4.18
0.81	2.03
1.79	4.52
